10758
10872
10900
1305
14289
14814
15680
15690
15997
15998
16073
16088
16108
16113
16123
16332
16370
16371
16372
16499
1663
16978
1800
2059
2063
2072
2130
2162
2193
2871
3040
3246
3259
3576
4194
4195
4482
4485
4487
4493
4510
4511
4512
4534
4542
4776
5380
5477
5481
5528
5738
5803
5808
5860
5957
5958
6249
6363
6364
6365
6368
6369
6370
6371
6372
6373
6374
6375
6376
6377
6378
6379
6380
6381
6382
6383
6384
6385
6386
6387
6388
6391
6392
6393
6394
6395
6396
6397
6398
6399
6400
6401
6402
6403
6404
6405
6409
6410
6411
6412
6413
6414
6415
6416
6417
6418
6419
6420
6421
6422
6423
6424
6429
6430
6431
6432
6433
6434
6438
6439
6440
6441
6642
6689
6796
6813
6888
7074
7118
7121
7131
7150
7154
7155
7255
7776
7851
8566
8685
8712
8754
8955
8956
8987
9045
9446
9618
9787
9788
9790
9979
